292 4 0
1 1572864 16324751 81.09 2069.04
2 705024 10510000 93.17 830.18
3 786432 8162376 81.09 2069.04
4 147456 2897000 90.96 846.42
5 186368 2566000 54.58 635.15
6 298592 1941000 73.87 377.48
7 163840 1725492 82.28 2099.45
8 131072 1380393 82.28 2099.46
9 77184 1359000 81.52 603.73
10 120640 1271000 42.59 492.64
11 125980 1243000 71.77 311.77
12 70560 1237000 81.16 562.27
13 114688 1207844 82.28 2099.47
14 73278 1192000 52.11 852.27
15 142272 1110000 81.27 278.89
16 153408 1054000 81.79 362.2
17 138368 1050000 83.7 228.76
18 76800 1043000 91.86 886.3
19 122400 1042000 75.74 444.35
20 98304 1035295 82.28 2099.48
21 112800 919100 78.35 297.44
22 78660 901900 53.05 322.11
23 39680 886400 72.79 364.92
25 294912 825500 82.33 363.98
26 137200 795900 74.37 741.06
27 46208 773700 80.5 837.19
28 53248 771700 57.47 668.1
29 65536 690197 82.28 2099.46
30 65536 690197 82.28 2099.46
31 65536 690197 82.28 2099.46
33 77824 565700 79.01 582
34 24576 548996 72.79 364.92
35 24576 548996 72.79 364.92
36 49152 517648 82.28 2099.48
37 29440 496500 49.03 919.44
38 163840 458611 82.33 363.98
40 62976 433200 74.77 216.6
41 20800 421600 54.18 1035.13
42 147456 415700 82.92 366.58
43 18432 411747 72.79 364.92
44 22048 396700 86.5 738.73
47 20480 347400 81.55 775.45
48 32768 345098 82.28 2099.39
49 32768 345098 82.28 2099.39
50 32768 345098 82.28 2099.39
51 15360 343123 72.79 364.92
52 19712 336800 82.14 799.62
54 19680 332000 81.11 731.92
55 45120 316400 83.48 184.86
56 45120 316400 83.48 184.86
57 47840 316200 78.68 405.38
58 17344 303900 84.24 786.17
59 16368 299300 58.86 718.12
62 16160 285800 85.03 797.43
63 26304 274800 89.14 177.4
64 26232 274800 89.38 215.53
65 14720 268100 87.56 848.69
66 30912 261631 83.63 254.01
68 17408 251500 44.64 688.1
70 10240 243900 79.6 438.43
74 14208 238200 48.4 1050.26
75 23040 237800 88.77 223.5
77 37056 230600 67.64 426.72
80 13312 211700 63.06 732.53
81 33792 204993 72.22 474.52
82 38208 204200 71.9 81.48
83 30912 194400 74.87 318.69
84 17072 191400 95.66 230.32
85 65536 190900 85.67 378.77
87 9904 187373 90.96 910.82
88 10368 186900 86.67 741.67
90 8192 185100 73.63 369.11
91 8192 185100 73.63 369.11
93 9728 183379 90.63 188.08
96 10080 178600 85.18 786.78
97 9440 177512 87.06 682.74
99 16384 172691 82.35 2101.12
100 16384 172691 82.35 2101.12
101 16384 172691 82.35 2101.12
102 16384 172691 82.35 2101.12
103 16384 172691 82.35 2101.12
104 16320 168800 88.25 330.98
108 15672 162098 88.25 330.98
110 15360 161800 89.88 225.03
111 15360 160200 93.12 206.98
112 22176 160100 85.95 467.72
113 6912 159600 75.24 377.2
114 8192 158696 93.13 932.63
117 20776 152900 83.63 355.58
121 7680 148777.78 93.14 932.6
123 10240 142700 48.67 891.88
125 14400 136300 88.96 404.45
126 9280 135400 70.15 643.69
128 14336 133200 77.43 154.7
129 14384 132800 76.94 168.96
130 15456 131900 82.06 521.96
132 23316 131386.28 55.68 185.77
134 6720 130180.56 93.14 932.59
137 14400 126500 78.16 458.33
140 17856 125800 83.87 185.71
141 22272 125503 52.96 181.78
143 5120 124756 79.4 398.05
146 5632 121600 71.99 342.92
147 8320 120400 50.55 953.51
149 40960 119310 85.67 378.76
150 9800 118600 65.53 1176.59
152 8064 115900 76.45 89.98
153 8320 115900 74.1 87.21
154 8320 115900 74.1 87.21
157 8240 114828.91 48.15 891.88
160 12032 110600 91.19 108.43
164 10752 109300 90.76 230.11
165 5712 109200 91.91 619.05
168 11520 108500 83.46 227.46
172 6210 106300 54.84 901.54
173 10240 106100 86.34 240.05
175 10128 104755 88.25 330.98
176 18576 104676.26 55.68 196
177 5544 103200 56.43 1266.26
181 15104 101741 73.22 122.43
186 17808 100349 55.68 220.93
187 6848 98423 76.45 89.88
188 17344 97959 55.81 186.2
189 17344 97959 55.81 186.2
195 17160 96697 48.08 177.02
197 19160 96444.93 55.68 206.51
201 32768 95450 85.67 378.77
205 16716 94195 55.68 196
206 16716 94195 55.68 196
207 16716 94195 55.68 196
208 16716 94195 55.68 196
209 7392 93647 38.24 865.9
210 7392 93647 38.24 865.9
212 9756 92343.25 88.96 354.32
213 16368 92234 55.68 185.77
214 16368 92234 55.68 185.77
215 16368 92234 55.68 185.77
216 16368 92234 55.68 185.77
217 16368 92234 55.68 185.77
218 16368 92234 55.68 185.77
219 16368 92234 55.68 185.77
220 16368 92234 55.68 185.77
221 6400 91620 84.4 579.51
222 40960 91290 79.6 203.77
224 4704 91126 93.13 932.62
225 12512 91030 75.79 252.86
232 4968 89940 58 817.64
234 9072 89670 88.25 421.74
237 15744 88718 55.68 178.23
238 8568 88620 88.25 368.62
239 8568 88620 88.25 368.62
245 11520 87470 83.77 803.95
246 10224 87438.39 80.2 260.64
247 15504 87365 55.68 178.23
252 8192 86346 82.35 2101.39
253 8192 86346 82.35 2101.39
257 6776 85843 38.24 865.88
258 6776 85843 38.24 865.88
259 6776 85843 38.24 865.88
260 6776 85843 38.24 865.88
261 6776 85843 38.24 865.88
262 6776 85843 38.24 865.88
263 6776 85843 38.24 865.88
264 6776 85843 38.24 865.88
265 6776 85843 38.24 865.88
266 6776 85843 38.24 865.88
267 6776 85843 38.24 865.88
268 6776 85843 38.24 865.88
278 13440 83080 77.28 118.69
284 36864 82161 79.6 203.87
285 14556 82023 55.68 185.77
287 9648 81664 74.77 214.78
288 9648 81664 74.77 214.78
289 9648 81664 74.77 214.78
290 9648 81664 74.77 214.78
291 5088 81170.8 76.7 450.95
292 14400 81144.39 52.96 215.38
293 14328 80739 48.08 166.13
295 14256 80333 55.68 185.77
296 14256 80333 55.68 185.77
300 8280 79320 90.03 352.53
303 5376 78680 77.85 91.59
304 5440 78680 76.93 90.54
305 13956 78642.43 52.96 210.94
306 15576 78404.29 55.68 232.38
309 13788 77696 48.08 200.83
310 13728 77358 55.68 185.77
311 13728 77358 55.68 185.77
312 10368 77280 81.02 115.17
313 9712 77267 74.6 85.27
314 7616 77170 90.47 232.44
317 8100 76669 88.96 305.33
318 8100 76669 88.96 305.33
320 13596 76614 52.96 181.77
321 13596 76614 52.96 181.77
322 13596 76614 52.96 181.77
323 13596 76614 52.96 181.77
324 13596 76614 52.96 181.77
325 13596 76614 52.96 181.77
326 13596 76614 52.96 181.77
327 13596 76614 52.96 181.77
328 13596 76614 52.96 181.77
329 13596 76614 52.96 181.77
330 13596 76614 52.96 181.77
331 13596 76614 52.96 181.77
335 3072 76533 81.18 406.98
336 10864 76510 75.01 147.13
337 13560 76411 55.68 185.77
338 13560 76411 55.68 185.77
341 13648 76030 55.05 176.2
343 13440 75735 52.96 181.78
349 13356 75261.42 52.96 210.93
351 7908 74851 88.96 354.31
352 7908 74851 88.96 354.31
353 13272 74788 55.68 185.77
354 13272 74788 55.68 185.77
355 13272 74788 55.68 185.77
358 3840 74389 93.14 932.66
362 13104 73841 58.7 215.38
363 13104 73841 58.7 215.38
364 7800 73829 88.96 305.33
365 13068 73639 52.96 181.78
366 8192 73639 80.26 256.83
367 3456 73350 80.39 565.97
369 4992 73060 77.85 91.67
370 4992 73060 77.85 91.67
371 32768 73032 79.6 204
374 7632 72239 88.96 354.32
375 3920 72030 69.6 467.73
376 7560 71557.5 88.96 361.79
377 24576 71440 85.5 377.99
378 12648 71272 52.96 215.38
382 2816 70760 81.9 410.49
384 5184 70280 43.77 731.85
386 6656 70000 93.9 200
387 12420 69987.03 48.08 177.02
388 12420 69987.03 48.08 177.02
389 12420 69987.03 48.08 177.02
395 12312 69378 48.08 177.02
396 12312 69378 48.08 177.02
401 12192 68702 55.68 185.77
402 12192 68702 55.68 185.77
403 12192 68702 55.68 185.77
407 12156 68500 55.68 220.93
408 12156 68499 48.08 177.01
409 12156 68499 48.08 177.01
410 12156 68499 48.08 177.01
411 12156 68499 48.08 177.01
413 12120 68297 55.68 185.77
415 13548 68196 55.68 232.39
416 3520 68190 93.14 932.58
418 11964 67680.28 48.27 201.61
419 11964 67680.28 48.27 201.61
432 11728 66345.23 55.9 178.93
442 8496 65780 85.65 357.44
444 11664 65726.95 55.68 185.77
445 11664 65726.95 55.68 185.77
448 11628 65524 52.96 181.77
449 11628 65524 52.96 181.77
450 11628 65524 52.96 181.77
454 9280 64860 72.8 286.74
455 8000 64860 84.45 332.62
456 6464 64630 89.27 150.3
457 16704 64597 42.65 134.51
458 14432 64596 49.36 102.02
459 11460 64577 55.68 185.77
460 11400 64490 55.9 178.93
461 11400 64490 55.9 178.93
462 2560 64327 81.88 410.48
463 11340 64150 48.27 201.6
465 13280 63828 53.17 146.48
466 13280 63828 53.17 146.48
467 11264 63720 55.9 196.76
468 11292 63630.72 52.96 210.94
472 11144 63042 53.17 172.41
473 11144 63042 53.17 172.41
474 11144 63042 53.17 172.41
476 3240 62765.63 93.14 932.62
477 13056 62751 53.17 167.18
478 6808 62729.52 86.4 210.5
479 11048 62498 55.9 178.92
480 11048 62498 55.9 178.92
481 11016 62317 48.27 201.61
482 6576 62244 88.96 354.32
483 6576 62244 88.96 354.32
485 11028 62143 48.08 177.02
486 11028 62143 48.08 177.02
487 11028 62143 48.08 177.02
488 11028 62143 48.08 177.02
489 11028 62143 48.08 177.02
490 11028 62143 48.08 177.02
499 4096 61037.04 93.14 816.55
